
over 3M
over3?= 1
[[0, 0], [0, 27.43], ['S', 0.38], [0, 3.02], ['S', 0.38], [0, 1.51], ['S', 0.38], [0, 0.75], ['S', 0.38], [0, 1.01], ['S', 0.38], [0, 0.13], ['S', 0.25], [0, 2.01], ['S', 0.75], [0, 0.25], ['S', 12.06], [0, 0.5], ['S', 0.75], [0, 10.05]]
t= [[0, 0], [0, 27.56], ['S', 11.58], ['S', 12.06], ['S', 1.25], [0, 10.05]]


over 3M
over3?= 1
[[0, 0], [0, 27.3], ['S', 0.38], [0, 3.02], ['S', 0.38], [0, 1.51], ['S', 0.38], [0, 0.75], ['S', 0.38], [0, 1.01], ['S', 0.38], [0, 0.13], ['S', 0.25], [0, 2.01], ['S', 0.75], [0, 0.25], ['S', 12.06], [0, 0.5], ['S', 0.75], [0, 10.05]]
t= [[0, 0], [0, 27.43], ['S', 11.58], ['S', 12.06], ['S', 1.25], [0, 10.05]]


over 3M
over3?= 1
[[0, 0], [0, 27.18], ['S', 0.38], [0, 3.02], ['S', 0.38], [0, 1.51], ['S', 0.38], [0, 0.75], ['S', 0.38], [0, 1.01], ['S', 0.38], [0, 0.13], ['S', 0.25], [0, 2.01], ['S', 0.75], [0, 0.25], ['S', 12.06], [0, 0.5], ['S', 0.75], [0, 10.05]]
t= [[0, 0], [0, 27.3], ['S', 11.58], ['S', 12.06], ['S', 1.25], [0, 10.05]]


over 3M
over3?= 1
[[0, 0], [0, 27.05], ['S', 0.38], [0, 3.02], ['S', 0.38], [0, 1.51], ['S', 0.38], [0, 0.75], ['S', 0.38], [0, 1.01], ['S', 0.38], [0, 0.13], ['S', 0.25], [0, 2.01], ['S', 0.75], [0, 0.25], ['S', 12.06], [0, 0.5], ['S', 0.75], [0, 10.05]]
t= [[0, 0], [0, 27.18], ['S', 11.58], ['S', 12.06], ['S', 1.25], [0, 10.05]]


over 3M
over3?= 1
[[0, 0], [0, 26.93], ['S', 0.38], [0, 3.02], ['S', 0.38], [0, 1.51], ['S', 0.38], [0, 0.75], ['S', 0.38], [0, 1.01], ['S', 0.38], [0, 0.13], ['S', 0.25], [0, 2.01], ['S', 0.75], [0, 0.25], ['S', 12.06], [0, 0.5], ['S', 0.75], [0, 10.05]]
t= [[0, 0], [0, 27.05], ['S', 11.58], ['S', 12.06], ['S', 1.25], [0, 10.05]]


over 3M
over3?= 1
[[0, 0], [0, 26.8], ['S', 0.38], [0, 3.02], ['S', 0.38], [0, 1.51], ['S', 0.38], [0, 0.75], ['S', 0.38], [0, 1.01], ['S', 0.38], [0, 0.13], ['S', 0.25], [0, 2.01], ['S', 0.75], [0, 0.25], ['S', 12.06], [0, 0.5], ['S', 0.75], [0, 10.05]]
t= [[0, 0], [0, 26.93], ['S', 11.58], ['S', 12.06], ['S', 1.25], [0, 10.05]]


over 3M
over3?= 1
[[0, 0], [0, 26.68], ['S', 0.38], [0, 3.02], ['S', 0.38], [0, 1.51], ['S', 0.38], [0, 0.75], ['S', 0.38], [0, 1.01], ['S', 0.38], [0, 0.13], ['S', 0.25], [0, 2.01], ['S', 0.75], [0, 0.25], ['S', 12.06], [0, 0.5], ['S', 0.75], [0, 10.05]]
t= [[0, 0], [0, 26.8], ['S', 11.58], ['S', 12.06], ['S', 1.25], [0, 10.05]]


over 3M
over3?= 1
[[0, 0], [0, 26.55], ['S', 0.38], [0, 3.02], ['S', 0.38], [0, 1.51], ['S', 0.38], [0, 0.75], ['S', 0.38], [0, 1.01], ['S', 0.38], [0, 0.13], ['S', 0.25], [0, 2.01], ['S', 0.75], [0, 0.25], ['S', 12.06], [0, 0.5], ['S', 0.75], [0, 10.05]]
t= [[0, 0], [0, 26.68], ['S', 11.58], ['S', 12.06], ['S', 1.25], [0, 10.05]]


over 3M
over3?= 1
[[0, 0], [0, 26.42], ['S', 0.38], [0, 3.02], ['S', 0.38], [0, 1.51], ['S', 0.38], [0, 0.75], ['S', 0.38], [0, 1.01], ['S', 0.38], [0, 0.13], ['S', 0.25], [0, 2.01], ['S', 0.75], [0, 0.25], ['S', 12.06], [0, 0.5], ['S', 0.75], [0, 10.05]]
t= [[0, 0], [0, 26.55], ['S', 11.58], ['S', 12.06], ['S', 1.25], [0, 10.05]]


over 3M
over3?= 1
[[0, 0], [0, 26.3], ['S', 0.38], [0, 3.02], ['S', 0.38], [0, 1.51], ['S', 0.38], [0, 0.75], ['S', 0.38], [0, 1.01], ['S', 0.38], [0, 0.13], ['S', 0.25], [0, 2.01], ['S', 0.75], [0, 0.25], ['S', 12.06], [0, 0.5], ['S', 0.75], [0, 10.05]]
t= [[0, 0], [0, 26.42], ['S', 11.58], ['S', 12.06], ['S', 1.25], [0, 10.05]]


over 3M
over3?= 1
[[0, 0], [0, 26.17], ['S', 0.38], [0, 3.02], ['S', 0.38], [0, 1.51], ['S', 0.38], [0, 0.75], ['S', 0.38], [0, 1.01], ['S', 0.38], [0, 0.13], ['S', 0.25], [0, 2.01], ['S', 0.75], [0, 0.25], ['S', 12.06], [0, 0.5], ['S', 0.75], [0, 10.05]]
t= [[0, 0], [0, 26.3], ['S', 11.58], ['S', 12.06], ['S', 1.25], [0, 10.05]]


over 3M
over3?= 1
[[0, 0], [0, 26.05], ['S', 0.38], [0, 3.02], ['S', 0.38], [0, 1.51], ['S', 0.38], [0, 0.75], ['S', 0.38], [0, 1.01], ['S', 0.38], [0, 0.13], ['S', 0.25], [0, 2.01], ['S', 0.75], [0, 0.25], ['S', 12.06], [0, 0.5], ['S', 0.75], [0, 10.05]]
t= [[0, 0], [0, 26.17], ['S', 11.58], ['S', 12.06], ['S', 1.25], [0, 10.05]]


over 3M
over3?= 1
[[0, 0], [0, 25.92], ['S', 0.38], [0, 3.02], ['S', 0.38], [0, 1.51], ['S', 0.38], [0, 0.75], ['S', 0.38], [0, 1.01], ['S', 0.38], [0, 0.13], ['S', 0.25], [0, 2.01], ['S', 0.75], [0, 0.25], ['S', 12.06], [0, 0.5], ['S', 0.75], [0, 10.05]]
t= [[0, 0], [0, 26.05], ['S', 11.58], ['S', 12.06], ['S', 1.25], [0, 10.05]]


over 3M
over3?= 1
[[0, 0], [0, 25.8], ['S', 0.38], [0, 3.02], ['S', 0.38], [0, 1.51], ['S', 0.38], [0, 0.75], ['S', 0.38], [0, 1.01], ['S', 0.38], [0, 0.13], ['S', 0.25], [0, 2.01], ['S', 0.75], [0, 0.25], ['S', 12.06], [0, 0.5], ['S', 0.75], [0, 10.05]]
t= [[0, 0], [0, 25.92], ['S', 11.58], ['S', 12.06], ['S', 1.25], [0, 10.05]]


over 3M
over3?= 1
[[0, 0], [0, 25.67], ['S', 0.38], [0, 3.02], ['S', 0.38], [0, 1.51], ['S', 0.38], [0, 0.75], ['S', 0.38], [0, 1.01], ['S', 0.38], [0, 0.13], ['S', 0.25], [0, 2.01], ['S', 0.75], [0, 0.25], ['S', 12.06], [0, 0.5], ['S', 0.75], [0, 10.05]]
t= [[0, 0], [0, 25.8], ['S', 11.58], ['S', 12.06], ['S', 1.25], [0, 10.05]]


over 3M
over3?= 1
[[0, 0], [0, 25.54], ['S', 0.38], [0, 3.02], ['S', 0.38], [0, 1.51], ['S', 0.38], [0, 0.75], ['S', 0.38], [0, 1.01], ['S', 0.38], [0, 0.13], ['S', 0.25], [0, 2.01], ['S', 0.75], [0, 0.25], ['S', 12.06], [0, 0.5], ['S', 0.75], [0, 10.05]]
t= [[0, 0], [0, 25.67], ['S', 11.58], ['S', 12.06], ['S', 1.25], [0, 10.05]]


over 3M
over3?= 1
[[0, 0], [0, 25.42], ['S', 0.38], [0, 3.02], ['S', 0.38], [0, 1.51], ['S', 0.38], [0, 0.75], ['S', 0.38], [0, 1.01], ['S', 0.38], [0, 0.13], ['S', 0.25], [0, 2.01], ['S', 0.75], [0, 0.25], ['S', 12.06], [0, 0.5], ['S', 0.75], [0, 10.05]]
t= [[0, 0], [0, 25.54], ['S', 11.58], ['S', 12.06], ['S', 1.25], [0, 10.05]]


over 3M
over3?= 1
[[0, 0], [0, 25.29], ['S', 0.38], [0, 3.02], ['S', 0.38], [0, 1.51], ['S', 0.38], [0, 0.75], ['S', 0.38], [0, 1.01], ['S', 0.38], [0, 0.13], ['S', 0.25], [0, 2.01], ['S', 0.75], [0, 0.25], ['S', 12.06], [0, 0.5], ['S', 0.75], [0, 10.05]]
t= [[0, 0], [0, 25.42], ['S', 11.58], ['S', 12.06], ['S', 1.25], [0, 10.05]]


over 3M
over3?= 1
[[0, 0], [0, 25.17], ['S', 0.38], [0, 3.02], ['S', 0.38], [0, 1.51], ['S', 0.38], [0, 0.75], ['S', 0.38], [0, 1.01], ['S', 0.38], [0, 0.13], ['S', 0.25], [0, 2.01], ['S', 0.75], [0, 0.25], ['S', 12.06], [0, 0.5], ['S', 0.75], [0, 10.05]]
t= [[0, 0], [0, 25.29], ['S', 11.58], ['S', 12.06], ['S', 1.25], [0, 10.05]]


over 3M
over3?= 1
[[0, 0], [0, 25.04], ['S', 0.38], [0, 3.02], ['S', 0.38], [0, 1.51], ['S', 0.38], [0, 0.75], ['S', 0.38], [0, 1.01], ['S', 0.38], [0, 0.13], ['S', 0.25], [0, 2.01], ['S', 0.75], [0, 0.25], ['S', 12.06], [0, 0.5], ['S', 0.75], [0, 10.05]]
t= [[0, 0], [0, 25.17], ['S', 11.58], ['S', 12.06], ['S', 1.25], [0, 10.05]]


over 3M
over3?= 1
[[0, 0], [0, 24.92], ['S', 0.38], [0, 3.02], ['S', 0.38], [0, 1.51], ['S', 0.38], [0, 0.75], ['S', 0.38], [0, 1.01], ['S', 0.38], [0, 0.13], ['S', 0.25], [0, 2.01], ['S', 0.75], [0, 0.25], ['S', 12.06], [0, 0.5], ['S', 0.75], [0, 10.05]]
t= [[0, 0], [0, 25.04], ['S', 11.58], ['S', 12.06], ['S', 1.25], [0, 10.05]]


over 3M
over3?= 1
[[0, 0], [0, 24.79], ['S', 0.38], [0, 3.02], ['S', 0.38], [0, 1.51], ['S', 0.38], [0, 0.75], ['S', 0.38], [0, 1.01], ['S', 0.38], [0, 0.13], ['S', 0.25], [0, 2.01], ['S', 0.75], [0, 0.25], ['S', 12.06], [0, 0.5], ['S', 0.75], [0, 10.05]]
t= [[0, 0], [0, 24.92], ['S', 11.58], ['S', 12.06], ['S', 1.25], [0, 10.05]]


over 3M
over3?= 1
[[0, 0], [0, 24.67], ['S', 0.38], [0, 3.02], ['S', 0.38], [0, 1.51], ['S', 0.38], [0, 0.75], ['S', 0.38], [0, 1.01], ['S', 0.38], [0, 0.13], ['S', 0.25], [0, 2.01], ['S', 0.75], [0, 0.25], ['S', 12.06], [0, 0.5], ['S', 0.75], [0, 10.05]]
t= [[0, 0], [0, 24.79], ['S', 11.58], ['S', 12.06], ['S', 1.25], [0, 10.05]]


over 3M
over3?= 1
[[0, 0], [0, 24.54], ['S', 0.38], [0, 3.02], ['S', 0.38], [0, 1.51], ['S', 0.38], [0, 0.75], ['S', 0.38], [0, 1.01], ['S', 0.38], [0, 0.13], ['S', 0.25], [0, 2.01], ['S', 0.75], [0, 0.25], ['S', 12.06], [0, 0.5], ['S', 0.75], [0, 10.05]]
t= [[0, 0], [0, 24.67], ['S', 11.58], ['S', 12.06], ['S', 1.25], [0, 10.05]]


over 3M
over3?= 1
[[0, 0], [0, 24.41], ['S', 0.38], [0, 3.02], ['S', 0.38], [0, 1.51], ['S', 0.38], [0, 0.75], ['S', 0.38], [0, 1.01], ['S', 0.38], [0, 0.13], ['S', 0.25], [0, 2.01], ['S', 0.75], [0, 0.25], ['S', 12.06], [0, 0.5], ['S', 0.75], [0, 10.05]]
t= [[0, 0], [0, 24.54], ['S', 11.58], ['S', 12.06], ['S', 1.25], [0, 10.05]]


over 3M
over3?= 1
[[0, 0], [0, 24.29], ['S', 0.38], [0, 3.02], ['S', 0.38], [0, 1.51], ['S', 0.38], [0, 0.75], ['S', 0.38], [0, 1.01], ['S', 0.38], [0, 0.13], ['S', 0.25], [0, 2.01], ['S', 0.75], [0, 0.25], ['S', 12.06], [0, 0.5], ['S', 0.75], [0, 10.05]]
t= [[0, 0], [0, 24.41], ['S', 11.58], ['S', 12.06], ['S', 1.25], [0, 10.05]]


over 3M
over3?= 1
[[0, 0], [0, 24.16], ['S', 0.38], [0, 3.02], ['S', 0.38], [0, 1.51], ['S', 0.38], [0, 0.75], ['S', 0.38], [0, 1.01], ['S', 0.38], [0, 0.13], ['S', 0.25], [0, 2.01], ['S', 0.75], [0, 0.25], ['S', 12.06], [0, 0.5], ['S', 0.75], [0, 10.05]]
t= [[0, 0], [0, 24.29], ['S', 11.58], ['S', 12.06], ['S', 1.25], [0, 10.05]]


over 3M
over3?= 1
[[0, 0], [0, 24.04], ['S', 0.38], [0, 3.02], ['S', 0.38], [0, 1.51], ['S', 0.38], [0, 0.75], ['S', 0.38], [0, 1.01], ['S', 0.38], [0, 0.13], ['S', 0.25], [0, 2.01], ['S', 0.75], [0, 0.25], ['S', 12.06], [0, 0.5], ['S', 0.75], [0, 10.05]]
t= [[0, 0], [0, 24.16], ['S', 11.58], ['S', 12.06], ['S', 1.25], [0, 10.05]]


over 3M
over3?= 1
[[0, 0], [0, 23.91], ['S', 0.38], [0, 3.02], ['S', 0.38], [0, 1.51], ['S', 0.38], [0, 0.75], ['S', 0.38], [0, 1.01], ['S', 0.38], [0, 0.13], ['S', 0.25], [0, 2.01], ['S', 0.75], [0, 0.25], ['S', 12.06], [0, 0.5], ['S', 0.75], [0, 10.05]]
t= [[0, 0], [0, 24.04], ['S', 11.58], ['S', 12.06], ['S', 1.25], [0, 10.05]]


over 3M
over3?= 1
[[0, 0], [0, 23.79], ['S', 0.38], [0, 3.02], ['S', 0.38], [0, 1.51], ['S', 0.38], [0, 0.75], ['S', 0.38], [0, 1.01], ['S', 0.38], [0, 0.13], ['S', 0.25], [0, 2.01], ['S', 0.75], [0, 0.25], ['S', 12.06], [0, 0.5], ['S', 0.75], [0, 10.05]]
t= [[0, 0], [0, 23.91], ['S', 11.58], ['S', 12.06], ['S', 1.25], [0, 10.05]]


over 3M
over3?= 1
[[0, 0], [0, 23.66], ['S', 0.38], [0, 3.02], ['S', 0.38], [0, 1.51], ['S', 0.38], [0, 0.75], ['S', 0.38], [0, 1.01], ['S', 0.38], [0, 0.13], ['S', 0.25], [0, 2.01], ['S', 0.75], [0, 0.25], ['S', 12.06], [0, 0.5], ['S', 0.75], [0, 10.05]]
t= [[0, 0], [0, 23.79], ['S', 11.58], ['S', 12.06], ['S', 1.25], [0, 10.05]]


over 3M
over3?= 1
[[0, 0], [0, 23.53], ['S', 0.38], [0, 3.02], ['S', 0.38], [0, 1.51], ['S', 0.38], [0, 0.75], ['S', 0.38], [0, 1.01], ['S', 0.38], [0, 0.13], ['S', 0.25], [0, 2.01], ['S', 0.75], [0, 0.25], ['S', 12.06], [0, 0.5], ['S', 0.75], [0, 10.05]]
t= [[0, 0], [0, 23.66], ['S', 11.58], ['S', 12.06], ['S', 1.25], [0, 10.05]]


over 3M
over3?= 1
[[0, 0], [0, 23.41], ['S', 0.38], [0, 3.02], ['S', 0.38], [0, 1.51], ['S', 0.38], [0, 0.75], ['S', 0.38], [0, 1.01], ['S', 0.38], [0, 0.13], ['S', 0.25], [0, 2.01], ['S', 0.75], [0, 0.25], ['S', 12.06], [0, 0.5], ['S', 0.75], [0, 10.05]]
t= [[0, 0], [0, 23.53], ['S', 11.58], ['S', 12.06], ['S', 1.25], [0, 10.05]]


over 3M
over3?= 1
[[0, 0], [0, 23.28], ['S', 0.38], [0, 3.02], ['S', 0.38], [0, 1.51], ['S', 0.38], [0, 0.75], ['S', 0.38], [0, 1.01], ['S', 0.38], [0, 0.13], ['S', 0.25], [0, 2.01], ['S', 0.75], [0, 0.25], ['S', 12.06], [0, 0.5], ['S', 0.75], [0, 10.05]]
t= [[0, 0], [0, 23.41], ['S', 11.58], ['S', 12.06], ['S', 1.25], [0, 10.05]]


over 3M
over3?= 1
[[0, 0], [0, 23.16], ['S', 0.38], [0, 3.02], ['S', 0.38], [0, 1.51], ['S', 0.38], [0, 0.75], ['S', 0.38], [0, 1.01], ['S', 0.38], [0, 0.13], ['S', 0.25], [0, 2.01], ['S', 0.75], [0, 0.25], ['S', 12.06], [0, 0.5], ['S', 0.75], [0, 10.05]]
t= [[0, 0], [0, 23.28], ['S', 11.58], ['S', 12.06], ['S', 1.25], [0, 10.05]]


over 3M
over3?= 1
[[0, 0], [0, 23.03], ['S', 0.38], [0, 3.02], ['S', 0.38], [0, 1.51], ['S', 0.38], [0, 0.75], ['S', 0.38], [0, 1.01], ['S', 0.38], [0, 0.13], ['S', 0.25], [0, 2.01], ['S', 0.75], [0, 0.25], ['S', 12.06], [0, 0.5], ['S', 0.75], [0, 10.05]]
t= [[0, 0], [0, 23.16], ['S', 11.58], ['S', 12.06], ['S', 1.25], [0, 10.05]]


over 3M
over3?= 1
[[0, 0], [0, 22.91], ['S', 0.38], [0, 3.02], ['S', 0.38], [0, 1.51], ['S', 0.38], [0, 0.75], ['S', 0.38], [0, 1.01], ['S', 0.38], [0, 0.13], ['S', 0.25], [0, 2.01], ['S', 0.75], [0, 0.25], ['S', 12.06], [0, 0.5], ['S', 0.75], [0, 10.05]]
t= [[0, 0], [0, 23.03], ['S', 11.58], ['S', 12.06], ['S', 1.25], [0, 10.05]]


over 3M
over3?= 1
[[0, 0], [0, 22.78], ['S', 0.38], [0, 3.02], ['S', 0.38], [0, 1.51], ['S', 0.38], [0, 0.75], ['S', 0.38], [0, 1.01], ['S', 0.38], [0, 0.13], ['S', 0.25], [0, 2.01], ['S', 0.75], [0, 0.25], ['S', 12.06], [0, 0.5], ['S', 0.75], [0, 10.05]]
t= [[0, 0], [0, 22.91], ['S', 11.58], ['S', 12.06], ['S', 1.25], [0, 10.05]]


over 3M
over3?= 1
[[0, 0], [0, 22.65], ['S', 0.38], [0, 3.02], ['S', 0.38], [0, 1.51], ['S', 0.38], [0, 0.75], ['S', 0.38], [0, 1.01], ['S', 0.38], [0, 0.13], ['S', 0.25], [0, 2.01], ['S', 0.75], [0, 0.25], ['S', 12.06], [0, 0.5], ['S', 0.75], [0, 10.05]]
t= [[0, 0], [0, 22.78], ['S', 11.58], ['S', 12.06], ['S', 1.25], [0, 10.05]]


over 3M
over3?= 1
[[0, 0], [0, 22.53], ['S', 0.38], [0, 3.02], ['S', 0.38], [0, 1.51], ['S', 0.38], [0, 0.75], ['S', 0.38], [0, 1.01], ['S', 0.38], [0, 0.13], ['S', 0.25], [0, 2.01], ['S', 0.75], [0, 0.25], ['S', 12.06], [0, 0.5], ['S', 0.75], [0, 10.05]]
t= [[0, 0], [0, 22.65], ['S', 11.58], ['S', 12.06], ['S', 1.25], [0, 10.05]]


over 3M
over3?= 1
[[0, 0], [0, 22.4], ['S', 0.38], [0, 3.02], ['S', 0.38], [0, 1.51], ['S', 0.38], [0, 0.75], ['S', 0.38], [0, 1.01], ['S', 0.38], [0, 0.13], ['S', 0.25], [0, 2.01], ['S', 0.75], [0, 0.25], ['S', 12.06], [0, 0.5], ['S', 0.75], [0, 10.05]]
t= [[0, 0], [0, 22.53], ['S', 11.58], ['S', 12.06], ['S', 1.25], [0, 10.05]]


over 3M
over3?= 1
[[0, 0], [0, 22.28], ['S', 0.38], [0, 3.02], ['S', 0.38], [0, 1.51], ['S', 0.38], [0, 0.75], ['S', 0.38], [0, 1.01], ['S', 0.38], [0, 0.13], ['S', 0.25], [0, 2.01], ['S', 0.75], [0, 0.25], ['S', 12.06], [0, 0.5], ['S', 0.75], [0, 10.05]]
t= [[0, 0], [0, 22.4], ['S', 11.58], ['S', 12.06], ['S', 1.25], [0, 10.05]]


over 3M
over3?= 1
[[0, 0], [0, 22.15], ['S', 0.38], [0, 3.02], ['S', 0.38], [0, 1.51], ['S', 0.38], [0, 0.75], ['S', 0.38], [0, 1.01], ['S', 0.38], [0, 0.13], ['S', 0.25], [0, 2.01], ['S', 0.75], [0, 0.25], ['S', 12.06], [0, 0.5], ['S', 0.75], [0, 10.05]]
t= [[0, 0], [0, 22.28], ['S', 11.58], ['S', 12.06], ['S', 1.25], [0, 10.05]]


over 3M
over3?= 1
[[0, 0], [0, 22.03], ['S', 0.38], [0, 3.02], ['S', 0.38], [0, 1.51], ['S', 0.38], [0, 0.75], ['S', 0.38], [0, 1.01], ['S', 0.38], [0, 0.13], ['S', 0.25], [0, 2.01], ['S', 0.75], [0, 0.25], ['S', 12.06], [0, 0.5], ['S', 0.75], [0, 10.05]]
t= [[0, 0], [0, 22.15], ['S', 11.58], ['S', 12.06], ['S', 1.25], [0, 10.05]]


over 3M
over3?= 1
[[0, 0], [0, 21.9], ['S', 0.38], [0, 3.02], ['S', 0.38], [0, 1.51], ['S', 0.38], [0, 0.75], ['S', 0.38], [0, 1.01], ['S', 0.38], [0, 0.13], ['S', 0.25], [0, 2.01], ['S', 0.75], [0, 0.25], ['S', 12.06], [0, 0.5], ['S', 0.75], [0, 10.05]]
t= [[0, 0], [0, 22.03], ['S', 11.58], ['S', 12.06], ['S', 1.25], [0, 10.05]]


over 3M
over3?= 1
[[0, 0], [0, 21.78], ['S', 0.38], [0, 3.02], ['S', 0.38], [0, 1.51], ['S', 0.38], [0, 0.75], ['S', 0.38], [0, 1.01], ['S', 0.38], [0, 0.13], ['S', 0.25], [0, 2.01], ['S', 0.75], [0, 0.25], ['S', 12.06], [0, 0.5], ['S', 0.75], [0, 10.05]]
t= [[0, 0], [0, 21.9], ['S', 11.58], ['S', 12.06], ['S', 1.25], [0, 10.05]]


over 3M
over3?= 1
[[0, 0], [0, 21.65], ['S', 0.38], [0, 3.02], ['S', 0.38], [0, 1.51], ['S', 0.38], [0, 0.75], ['S', 0.38], [0, 1.01], ['S', 0.38], [0, 0.13], ['S', 0.25], [0, 2.01], ['S', 0.75], [0, 0.25], ['S', 12.06], [0, 0.5], ['S', 0.75], [0, 10.05]]
t= [[0, 0], [0, 21.78], ['S', 11.58], ['S', 12.06], ['S', 1.25], [0, 10.05]]


over 3M
over3?= 1
[[0, 0], [0, 21.52], ['S', 0.38], [0, 3.02], ['S', 0.38], [0, 1.51], ['S', 0.38], [0, 0.75], ['S', 0.38], [0, 1.01], ['S', 0.38], [0, 0.13], ['S', 0.25], [0, 2.01], ['S', 0.75], [0, 0.25], ['S', 12.06], [0, 0.5], ['S', 0.75], [0, 10.05]]
t= [[0, 0], [0, 21.65], ['S', 11.58], ['S', 12.06], ['S', 1.25], [0, 10.05]]


over 3M
over3?= 1
[[0, 0], [0, 21.4], ['S', 0.38], [0, 3.02], ['S', 0.38], [0, 1.51], ['S', 0.38], [0, 0.75], ['S', 0.38], [0, 1.01], ['S', 0.38], [0, 0.13], ['S', 0.25], [0, 2.01], ['S', 0.75], [0, 0.25], ['S', 12.06], [0, 0.5], ['S', 0.75], [0, 10.05]]
t= [[0, 0], [0, 21.52], ['S', 11.58], ['S', 12.06], ['S', 1.25], [0, 10.05]]


over 3M
over3?= 1
[[0, 0], [0, 21.27], ['S', 0.38], [0, 3.02], ['S', 0.38], [0, 1.51], ['S', 0.38], [0, 0.75], ['S', 0.38], [0, 1.01], ['S', 0.38], [0, 0.13], ['S', 0.25], [0, 2.01], ['S', 0.75], [0, 0.25], ['S', 12.06], [0, 0.5], ['S', 0.75], [0, 10.05]]
t= [[0, 0], [0, 21.4], ['S', 11.58], ['S', 12.06], ['S', 1.25], [0, 10.05]]


over 3M
over3?= 1
[[0, 0], [0, 21.15], ['S', 0.38], [0, 3.02], ['S', 0.38], [0, 1.51], ['S', 0.38], [0, 0.75], ['S', 0.38], [0, 1.01], ['S', 0.38], [0, 0.13], ['S', 0.25], [0, 2.01], ['S', 0.75], [0, 0.25], ['S', 12.06], [0, 0.5], ['S', 0.75], [0, 10.05]]
t= [[0, 0], [0, 21.27], ['S', 11.58], ['S', 12.06], ['S', 1.25], [0, 10.05]]


over 3M
over3?= 1
[[0, 0], [0, 21.02], ['S', 0.38], [0, 3.02], ['S', 0.38], [0, 1.51], ['S', 0.38], [0, 0.75], ['S', 0.38], [0, 1.01], ['S', 0.38], [0, 0.13], ['S', 0.25], [0, 2.01], ['S', 0.75], [0, 0.25], ['S', 12.06], [0, 0.5], ['S', 0.75], [0, 10.05]]
t= [[0, 0], [0, 21.15], ['S', 11.58], ['S', 12.06], ['S', 1.25], [0, 10.05]]


over 3M
over3?= 1
[[0, 0], [0, 20.9], ['S', 0.38], [0, 3.02], ['S', 0.38], [0, 1.51], ['S', 0.38], [0, 0.75], ['S', 0.38], [0, 1.01], ['S', 0.38], [0, 0.13], ['S', 0.25], [0, 2.01], ['S', 0.75], [0, 0.25], ['S', 12.06], [0, 0.5], ['S', 0.75], [0, 10.05]]
t= [[0, 0], [0, 21.02], ['S', 11.58], ['S', 12.06], ['S', 1.25], [0, 10.05]]


over 3M
over3?= 1
[[0, 0], [0, 20.77], ['S', 0.38], [0, 3.02], ['S', 0.38], [0, 1.51], ['S', 0.38], [0, 0.75], ['S', 0.38], [0, 1.01], ['S', 0.38], [0, 0.13], ['S', 0.25], [0, 2.01], ['S', 0.75], [0, 0.25], ['S', 12.06], [0, 0.5], ['S', 0.75], [0, 10.05]]
t= [[0, 0], [0, 20.9], ['S', 11.58], ['S', 12.06], ['S', 1.25], [0, 10.05]]


over 3M
over3?= 1
[[0, 0], [0, 20.64], ['S', 0.38], [0, 3.02], ['S', 0.38], [0, 1.51], ['S', 0.38], [0, 0.75], ['S', 0.38], [0, 1.01], ['S', 0.38], [0, 0.13], ['S', 0.25], [0, 2.01], ['S', 0.75], [0, 0.25], ['S', 12.06], [0, 0.5], ['S', 0.75], [0, 10.05]]
t= [[0, 0], [0, 20.77], ['S', 11.58], ['S', 12.06], ['S', 1.25], [0, 10.05]]


over 3M
over3?= 1
[[0, 0], [0, 20.52], ['S', 0.38], [0, 3.02], ['S', 0.38], [0, 1.51], ['S', 0.38], [0, 0.75], ['S', 0.38], [0, 1.01], ['S', 0.38], [0, 0.13], ['S', 0.25], [0, 2.01], ['S', 0.75], [0, 0.25], ['S', 12.06], [0, 0.5], ['S', 0.75], [0, 10.05]]
t= [[0, 0], [0, 20.64], ['S', 11.58], ['S', 12.06], ['S', 1.25], [0, 10.05]]


over 3M
over3?= 1
[[0, 0], [0, 20.39], ['S', 0.38], [0, 3.02], ['S', 0.38], [0, 1.51], ['S', 0.38], [0, 0.75], ['S', 0.38], [0, 1.01], ['S', 0.38], [0, 0.13], ['S', 0.25], [0, 2.01], ['S', 0.75], [0, 0.25], ['S', 12.06], [0, 0.5], ['S', 0.75], [0, 10.05]]
t= [[0, 0], [0, 20.52], ['S', 11.58], ['S', 12.06], ['S', 1.25], [0, 10.05]]


over 3M
over3?= 1
[[0, 0], [0, 20.27], ['S', 0.38], [0, 3.02], ['S', 0.38], [0, 1.51], ['S', 0.38], [0, 0.75], ['S', 0.38], [0, 1.01], ['S', 0.38], [0, 0.13], ['S', 0.25], [0, 2.01], ['S', 0.75], [0, 0.25], ['S', 12.06], [0, 0.5], ['S', 0.75], [0, 10.05]]
t= [[0, 0], [0, 20.39], ['S', 11.58], ['S', 12.06], ['S', 1.25], [0, 10.05]]


over 3M
over3?= 1
[[0, 0], [0, 20.14], ['S', 0.38], [0, 3.02], ['S', 0.38], [0, 1.51], ['S', 0.38], [0, 0.75], ['S', 0.38], [0, 1.01], ['S', 0.38], [0, 0.13], ['S', 0.25], [0, 2.01], ['S', 0.75], [0, 0.25], ['S', 12.06], [0, 0.5], ['S', 0.75], [0, 10.05]]
t= [[0, 0], [0, 20.27], ['S', 11.58], ['S', 12.06], ['S', 1.25], [0, 10.05]]


over 3M
over3?= 1
[[0, 0], [0, 20.02], ['S', 0.38], [0, 3.02], ['S', 0.38], [0, 1.51], ['S', 0.38], [0, 0.75], ['S', 0.38], [0, 1.01], ['S', 0.38], [0, 0.13], ['S', 0.25], [0, 2.01], ['S', 0.75], [0, 0.25], ['S', 12.06], [0, 0.5], ['S', 0.75], [0, 10.05]]
t= [[0, 0], [0, 20.14], ['S', 11.58], ['S', 12.06], ['S', 1.25], [0, 10.05]]


over 3M
over3?= 1
[[0, 0], [0, 19.89], ['S', 0.38], [0, 3.02], ['S', 0.38], [0, 1.51], ['S', 0.38], [0, 0.75], ['S', 0.38], [0, 1.01], ['S', 0.38], [0, 0.13], ['S', 0.25], [0, 2.01], ['S', 0.75], [0, 0.25], ['S', 12.06], [0, 0.5], ['S', 0.75], [0, 10.05]]
t= [[0, 0], [0, 20.02], ['S', 11.58], ['S', 12.06], ['S', 1.25], [0, 10.05]]


over 3M
over3?= 1
[[0, 0], [0, 19.76], ['S', 0.38], [0, 3.02], ['S', 0.38], [0, 1.51], ['S', 0.38], [0, 0.75], ['S', 0.38], [0, 1.01], ['S', 0.38], [0, 0.13], ['S', 0.25], [0, 2.01], ['S', 0.75], [0, 0.25], ['S', 12.06], [0, 0.5], ['S', 0.75], [0, 10.05]]
t= [[0, 0], [0, 19.89], ['S', 11.58], ['S', 12.06], ['S', 1.25], [0, 10.05]]


over 3M
over3?= 1
[[0, 0], [0, 19.64], ['S', 0.38], [0, 3.02], ['S', 0.38], [0, 1.51], ['S', 0.38], [0, 0.75], ['S', 0.38], [0, 1.01], ['S', 0.38], [0, 0.13], ['S', 0.25], [0, 2.01], ['S', 0.75], [0, 0.25], ['S', 12.06], [0, 0.5], ['S', 0.75], [0, 10.05]]
t= [[0, 0], [0, 19.76], ['S', 11.58], ['S', 12.06], ['S', 1.25], [0, 10.05]]


over 3M
over3?= 1
[[0, 0], [0, 19.51], ['S', 0.38], [0, 3.02], ['S', 0.38], [0, 1.51], ['S', 0.38], [0, 0.75], ['S', 0.38], [0, 1.01], ['S', 0.38], [0, 0.13], ['S', 0.25], [0, 2.01], ['S', 0.75], [0, 0.25], ['S', 12.06], [0, 0.5], ['S', 0.75], [0, 10.05]]
t= [[0, 0], [0, 19.64], ['S', 11.58], ['S', 12.06], ['S', 1.25], [0, 10.05]]


over 3M
over3?= 1
[[0, 0], [0, 19.39], ['S', 0.38], [0, 3.02], ['S', 0.38], [0, 1.51], ['S', 0.38], [0, 0.75], ['S', 0.38], [0, 1.01], ['S', 0.38], [0, 0.13], ['S', 0.25], [0, 2.01], ['S', 0.75], [0, 0.25], ['S', 12.06], [0, 0.5], ['S', 0.75], [0, 10.05]]
t= [[0, 0], [0, 19.51], ['S', 11.58], ['S', 12.06], ['S', 1.25], [0, 10.05]]


over 3M
over3?= 1
[[0, 0], [0, 19.26], ['S', 0.38], [0, 3.02], ['S', 0.38], [0, 1.51], ['S', 0.38], [0, 0.75], ['S', 0.38], [0, 1.01], ['S', 0.38], [0, 0.13], ['S', 0.25], [0, 2.01], ['S', 0.75], [0, 0.25], ['S', 12.06], [0, 0.5], ['S', 0.75], [0, 10.05]]
t= [[0, 0], [0, 19.39], ['S', 11.58], ['S', 12.06], ['S', 1.25], [0, 10.05]]


over 3M
over3?= 1
[[0, 0], [0, 19.14], ['S', 0.38], [0, 3.02], ['S', 0.38], [0, 1.51], ['S', 0.38], [0, 0.75], ['S', 0.38], [0, 1.01], ['S', 0.38], [0, 0.13], ['S', 0.25], [0, 2.01], ['S', 0.75], [0, 0.25], ['S', 12.06], [0, 0.5], ['S', 0.75], [0, 10.05]]
t= [[0, 0], [0, 19.26], ['S', 11.58], ['S', 12.06], ['S', 1.25], [0, 10.05]]


over 3M
over3?= 1
[[0, 0], [0, 19.01], ['S', 0.38], [0, 3.02], ['S', 0.38], [0, 1.51], ['S', 0.38], [0, 0.75], ['S', 0.38], [0, 1.01], ['S', 0.38], [0, 0.13], ['S', 0.25], [0, 2.01], ['S', 0.75], [0, 0.25], ['S', 12.06], [0, 0.5], ['S', 0.75], [0, 10.05]]
t= [[0, 0], [0, 19.14], ['S', 11.58], ['S', 12.06], ['S', 1.25], [0, 10.05]]


over 3M
over3?= 1
[[0, 0], [0, 18.88], ['S', 0.38], [0, 3.02], ['S', 0.38], [0, 1.51], ['S', 0.38], [0, 0.75], ['S', 0.38], [0, 1.01], ['S', 0.38], [0, 0.13], ['S', 0.25], [0, 2.01], ['S', 0.75], [0, 0.25], ['S', 12.06], [0, 0.5], ['S', 0.75], [0, 10.05]]
t= [[0, 0], [0, 19.01], ['S', 11.58], ['S', 12.06], ['S', 1.25], [0, 10.05]]


over 3M
over3?= 1
[[0, 0], [0, 18.76], ['S', 0.38], [0, 3.02], ['S', 0.38], [0, 1.51], ['S', 0.38], [0, 0.75], ['S', 0.38], [0, 1.01], ['S', 0.38], [0, 0.13], ['S', 0.25], [0, 2.01], ['S', 0.75], [0, 0.25], ['S', 12.06], [0, 0.5], ['S', 0.75], [0, 10.05]]
t= [[0, 0], [0, 18.88], ['S', 11.58], ['S', 12.06], ['S', 1.25], [0, 10.05]]


over 3M
over3?= 1
[[0, 0], [0, 18.63], ['S', 0.38], [0, 3.02], ['S', 0.38], [0, 1.51], ['S', 0.38], [0, 0.75], ['S', 0.38], [0, 1.01], ['S', 0.38], [0, 0.13], ['S', 0.25], [0, 2.01], ['S', 0.75], [0, 0.25], ['S', 12.06], [0, 0.5], ['S', 0.75], [0, 10.05]]
t= [[0, 0], [0, 18.76], ['S', 11.58], ['S', 12.06], ['S', 1.25], [0, 10.05]]


over 3M
over3?= 1
[[0, 0], [0, 18.51], ['S', 0.38], [0, 3.02], ['S', 0.38], [0, 1.51], ['S', 0.38], [0, 0.75], ['S', 0.38], [0, 1.01], ['S', 0.38], [0, 0.13], ['S', 0.25], [0, 2.01], ['S', 0.75], [0, 0.25], ['S', 12.06], [0, 0.5], ['S', 0.75], [0, 10.05]]
t= [[0, 0], [0, 18.63], ['S', 11.58], ['S', 12.06], ['S', 1.25], [0, 10.05]]


over 3M
over3?= 1
[[0, 0], [0, 18.38], ['S', 0.38], [0, 3.02], ['S', 0.38], [0, 1.51], ['S', 0.38], [0, 0.75], ['S', 0.38], [0, 1.01], ['S', 0.38], [0, 0.13], ['S', 0.25], [0, 2.01], ['S', 0.75], [0, 0.25], ['S', 12.06], [0, 0.5], ['S', 0.75], [0, 10.05]]
t= [[0, 0], [0, 18.51], ['S', 11.58], ['S', 12.06], ['S', 1.25], [0, 10.05]]


over 3M
over3?= 1
[[0, 0], [0, 18.26], ['S', 0.38], [0, 3.02], ['S', 0.38], [0, 1.51], ['S', 0.38], [0, 0.75], ['S', 0.38], [0, 1.01], ['S', 0.38], [0, 0.13], ['S', 0.25], [0, 2.01], ['S', 0.75], [0, 0.25], ['S', 12.06], [0, 0.5], ['S', 0.75], [0, 10.05]]
t= [[0, 0], [0, 18.38], ['S', 11.58], ['S', 12.06], ['S', 1.25], [0, 10.05]]


over 3M
over3?= 1
[[0, 0], [0, 18.13], ['S', 0.38], [0, 3.02], ['S', 0.38], [0, 1.51], ['S', 0.38], [0, 0.75], ['S', 0.38], [0, 1.01], ['S', 0.38], [0, 0.13], ['S', 0.25], [0, 2.01], ['S', 0.75], [0, 0.25], ['S', 12.06], [0, 0.5], ['S', 0.75], [0, 10.05]]
t= [[0, 0], [0, 18.26], ['S', 11.58], ['S', 12.06], ['S', 1.25], [0, 10.05]]


over 3M
over3?= 1
[[0, 0], [0, 18.01], ['S', 0.38], [0, 3.02], ['S', 0.38], [0, 1.51], ['S', 0.38], [0, 0.75], ['S', 0.38], [0, 1.01], ['S', 0.38], [0, 0.13], ['S', 0.25], [0, 2.01], ['S', 0.75], [0, 0.25], ['S', 12.06], [0, 0.5], ['S', 0.75], [0, 10.05]]
t= [[0, 0], [0, 18.13], ['S', 11.58], ['S', 12.06], ['S', 1.25], [0, 10.05]]


over 3M
over3?= 1
[[0, 0], [0, 17.88], ['S', 0.38], [0, 3.02], ['S', 0.38], [0, 1.51], ['S', 0.38], [0, 0.75], ['S', 0.38], [0, 1.01], ['S', 0.38], [0, 0.13], ['S', 0.25], [0, 2.01], ['S', 0.75], [0, 0.25], ['S', 12.06], [0, 0.5], ['S', 0.75], [0, 10.05]]
t= [[0, 0], [0, 18.01], ['S', 11.58], ['S', 12.06], ['S', 1.25], [0, 10.05]]


over 3M
over3?= 1
[[0, 0], [0, 17.75], ['S', 0.38], [0, 3.02], ['S', 0.38], [0, 1.51], ['S', 0.38], [0, 0.75], ['S', 0.38], [0, 1.01], ['S', 0.38], [0, 0.13], ['S', 0.25], [0, 2.01], ['S', 0.75], [0, 0.25], ['S', 12.06], [0, 0.5], ['S', 0.75], [0, 10.05]]
t= [[0, 0], [0, 17.88], ['S', 11.58], ['S', 12.06], ['S', 1.25], [0, 10.05]]


over 3M
over3?= 1
[[0, 0], [0, 17.63], ['S', 0.38], [0, 3.02], ['S', 0.38], [0, 1.51], ['S', 0.38], [0, 0.75], ['S', 0.38], [0, 1.01], ['S', 0.38], [0, 0.13], ['S', 0.25], [0, 2.01], ['S', 0.75], [0, 0.25], ['S', 12.06], [0, 0.5], ['S', 0.75], [0, 10.05]]
t= [[0, 0], [0, 17.75], ['S', 11.58], ['S', 12.06], ['S', 1.25], [0, 10.05]]


over 3M
over3?= 1
[[0, 0], [0, 17.5], ['S', 0.38], [0, 3.02], ['S', 0.38], [0, 1.51], ['S', 0.38], [0, 0.75], ['S', 0.38], [0, 1.01], ['S', 0.38], [0, 0.13], ['S', 0.25], [0, 2.01], ['S', 0.75], [0, 0.25], ['S', 12.06], [0, 0.5], ['S', 0.75], [0, 10.05]]
t= [[0, 0], [0, 17.63], ['S', 11.58], ['S', 12.06], ['S', 1.25], [0, 10.05]]


over 3M
over3?= 1
[[0, 0], [0, 17.38], ['S', 0.38], [0, 3.02], ['S', 0.38], [0, 1.51], ['S', 0.38], [0, 0.75], ['S', 0.38], [0, 1.01], ['S', 0.38], [0, 0.13], ['S', 0.25], [0, 2.01], ['S', 0.75], [0, 0.25], ['S', 12.06], [0, 0.5], ['S', 0.75], [0, 10.05]]
t= [[0, 0], [0, 17.5], ['S', 11.58], ['S', 12.06], ['S', 1.25], [0, 10.05]]


over 3M
over3?= 1
[[0, 0], [0, 17.25], ['S', 0.38], [0, 3.02], ['S', 0.38], [0, 1.51], ['S', 0.38], [0, 0.75], ['S', 0.38], [0, 1.01], ['S', 0.38], [0, 0.13], ['S', 0.25], [0, 2.01], ['S', 0.75], [0, 0.25], ['S', 12.06], [0, 0.5], ['S', 0.75], [0, 10.05]]
t= [[0, 0], [0, 17.38], ['S', 11.58], ['S', 12.06], ['S', 1.25], [0, 10.05]]


over 3M
over3?= 1
[[0, 0], [0, 17.13], ['S', 0.38], [0, 3.02], ['S', 0.38], [0, 1.51], ['S', 0.38], [0, 0.75], ['S', 0.38], [0, 1.01], ['S', 0.38], [0, 0.13], ['S', 0.25], [0, 2.01], ['S', 0.75], [0, 0.25], ['S', 12.06], [0, 0.5], ['S', 0.75], [0, 10.05]]
t= [[0, 0], [0, 17.25], ['S', 11.58], ['S', 12.06], ['S', 1.25], [0, 10.05]]


over 3M
over3?= 1
[[0, 0], [0, 17.0], ['S', 0.38], [0, 3.02], ['S', 0.38], [0, 1.51], ['S', 0.38], [0, 0.75], ['S', 0.38], [0, 1.01], ['S', 0.38], [0, 0.13], ['S', 0.25], [0, 2.01], ['S', 0.75], [0, 0.25], ['S', 12.06], [0, 0.5], ['S', 0.75], [0, 10.05]]
t= [[0, 0], [0, 17.13], ['S', 11.58], ['S', 12.06], ['S', 1.25], [0, 10.05]]


over 3M
over3?= 1
[[0, 0], [0, 16.87], ['S', 0.38], [0, 3.02], ['S', 0.38], [0, 1.51], ['S', 0.38], [0, 0.75], ['S', 0.38], [0, 1.01], ['S', 0.38], [0, 0.13], ['S', 0.25], [0, 2.01], ['S', 0.75], [0, 0.25], ['S', 12.06], [0, 0.5], ['S', 0.75], [0, 10.05]]
t= [[0, 0], [0, 17.0], ['S', 11.58], ['S', 12.06], ['S', 1.25], [0, 10.05]]


over 3M
over3?= 1
[[0, 0], [0, 16.75], ['S', 0.38], [0, 3.02], ['S', 0.38], [0, 1.51], ['S', 0.38], [0, 0.75], ['S', 0.38], [0, 1.01], ['S', 0.38], [0, 0.13], ['S', 0.25], [0, 2.01], ['S', 0.75], [0, 0.25], ['S', 12.06], [0, 0.5], ['S', 0.75], [0, 10.05]]
t= [[0, 0], [0, 16.87], ['S', 11.58], ['S', 12.06], ['S', 1.25], [0, 10.05]]


over 3M
over3?= 1
[[0, 0], [0, 16.62], ['S', 0.38], [0, 3.02], ['S', 0.38], [0, 1.51], ['S', 0.38], [0, 0.75], ['S', 0.38], [0, 1.01], ['S', 0.38], [0, 0.13], ['S', 0.25], [0, 2.01], ['S', 0.75], [0, 0.25], ['S', 12.06], [0, 0.5], ['S', 0.75], [0, 10.05]]
t= [[0, 0], [0, 16.75], ['S', 11.58], ['S', 12.06], ['S', 1.25], [0, 10.05]]


over 3M
over3?= 1
[[0, 0], [0, 16.5], ['S', 0.38], [0, 3.02], ['S', 0.38], [0, 1.51], ['S', 0.38], [0, 0.75], ['S', 0.38], [0, 1.01], ['S', 0.38], [0, 0.13], ['S', 0.25], [0, 2.01], ['S', 0.75], [0, 0.25], ['S', 12.06], [0, 0.5], ['S', 0.75], [0, 10.05]]
t= [[0, 0], [0, 16.62], ['S', 11.58], ['S', 12.06], ['S', 1.25], [0, 10.05]]


over 3M
over3?= 1
[[0, 0], [0, 16.37], ['S', 0.38], [0, 3.02], ['S', 0.38], [0, 1.51], ['S', 0.38], [0, 0.75], ['S', 0.38], [0, 1.01], ['S', 0.38], [0, 0.13], ['S', 0.25], [0, 2.01], ['S', 0.75], [0, 0.25], ['S', 12.06], [0, 0.5], ['S', 0.75], [0, 10.05]]
t= [[0, 0], [0, 16.5], ['S', 11.58], ['S', 12.06], ['S', 1.25], [0, 10.05]]


over 3M
over3?= 1
[[0, 0], [0, 16.25], ['S', 0.38], [0, 3.02], ['S', 0.38], [0, 1.51], ['S', 0.38], [0, 0.75], ['S', 0.38], [0, 1.01], ['S', 0.38], [0, 0.13], ['S', 0.25], [0, 2.01], ['S', 0.75], [0, 0.25], ['S', 12.06], [0, 0.5], ['S', 0.75], [0, 10.05]]
t= [[0, 0], [0, 16.37], ['S', 11.58], ['S', 12.06], ['S', 1.25], [0, 10.05]]


over 3M
over3?= 1
[[0, 0], [0, 16.12], ['S', 0.38], [0, 3.02], ['S', 0.38], [0, 1.51], ['S', 0.38], [0, 0.75], ['S', 0.38], [0, 1.01], ['S', 0.38], [0, 0.13], ['S', 0.25], [0, 2.01], ['S', 0.75], [0, 0.25], ['S', 12.06], [0, 0.5], ['S', 0.75], [0, 10.05]]
t= [[0, 0], [0, 16.25], ['S', 11.58], ['S', 12.06], ['S', 1.25], [0, 10.05]]


over 3M
over3?= 1
[[0, 0], [0, 15.99], ['S', 0.38], [0, 3.02], ['S', 0.38], [0, 1.51], ['S', 0.38], [0, 0.75], ['S', 0.38], [0, 1.01], ['S', 0.38], [0, 0.13], ['S', 0.25], [0, 2.01], ['S', 0.75], [0, 0.25], ['S', 12.06], [0, 0.5], ['S', 0.75], [0, 10.05]]
t= [[0, 0], [0, 16.12], ['S', 11.58], ['S', 12.06], ['S', 1.25], [0, 10.05]]


over 3M
over3?= 1
[[0, 0], [0, 15.87], ['S', 0.38], [0, 3.02], ['S', 0.38], [0, 1.51], ['S', 0.38], [0, 0.75], ['S', 0.38], [0, 1.01], ['S', 0.38], [0, 0.13], ['S', 0.25], [0, 2.01], ['S', 0.75], [0, 0.25], ['S', 12.06], [0, 0.5], ['S', 0.75], [0, 10.05]]
t= [[0, 0], [0, 15.99], ['S', 11.58], ['S', 12.06], ['S', 1.25], [0, 10.05]]


over 3M
over3?= 1
[[0, 0], [0, 15.74], ['S', 0.38], [0, 3.02], ['S', 0.38], [0, 1.51], ['S', 0.38], [0, 0.75], ['S', 0.38], [0, 1.01], ['S', 0.38], [0, 0.13], ['S', 0.25], [0, 2.01], ['S', 0.75], [0, 0.25], ['S', 12.06], [0, 0.5], ['S', 0.75], [0, 10.05]]
t= [[0, 0], [0, 15.87], ['S', 11.58], ['S', 12.06], ['S', 1.25], [0, 10.05]]


over 3M
over3?= 1
[[0, 0], [0, 15.62], ['S', 0.38], [0, 3.02], ['S', 0.38], [0, 1.51], ['S', 0.38], [0, 0.75], ['S', 0.38], [0, 1.01], ['S', 0.38], [0, 0.13], ['S', 0.25], [0, 2.01], ['S', 0.75], [0, 0.25], ['S', 12.06], [0, 0.5], ['S', 0.75], [0, 10.05]]
t= [[0, 0], [0, 15.74], ['S', 11.58], ['S', 12.06], ['S', 1.25], [0, 10.05]]


over 3M
over3?= 1
[[0, 0], [0, 15.49], ['S', 0.38], [0, 3.02], ['S', 0.38], [0, 1.51], ['S', 0.38], [0, 0.75], ['S', 0.38], [0, 1.01], ['S', 0.38], [0, 0.13], ['S', 0.25], [0, 2.01], ['S', 0.75], [0, 0.25], ['S', 12.06], [0, 0.5], ['S', 0.75], [0, 10.05]]
t= [[0, 0], [0, 15.62], ['S', 11.58], ['S', 12.06], ['S', 1.25], [0, 10.05]]


over 3M
over3?= 1
[[0, 0], [0, 15.37], ['S', 0.38], [0, 3.02], ['S', 0.38], [0, 1.51], ['S', 0.38], [0, 0.75], ['S', 0.38], [0, 1.01], ['S', 0.38], [0, 0.13], ['S', 0.25], [0, 2.01], ['S', 0.75], [0, 0.25], ['S', 12.06], [0, 0.5], ['S', 0.75], [0, 10.05]]
t= [[0, 0], [0, 15.49], ['S', 11.58], ['S', 12.06], ['S', 1.25], [0, 10.05]]


over 3M
over3?= 1
[[0, 0], [0, 15.24], ['S', 0.38], [0, 3.02], ['S', 0.38], [0, 1.51], ['S', 0.38], [0, 0.75], ['S', 0.38], [0, 1.01], ['S', 0.38], [0, 0.13], ['S', 0.25], [0, 2.01], ['S', 0.75], [0, 0.25], ['S', 12.06], [0, 0.5], ['S', 0.75], [0, 10.05]]
t= [[0, 0], [0, 15.37], ['S', 11.58], ['S', 12.06], ['S', 1.25], [0, 10.05]]


over 3M
over3?= 1
[[0, 0], [0, 15.11], ['S', 0.38], [0, 3.02], ['S', 0.38], [0, 1.51], ['S', 0.38], [0, 0.75], ['S', 0.38], [0, 1.01], ['S', 0.38], [0, 0.13], ['S', 0.25], [0, 2.01], ['S', 0.75], [0, 0.25], ['S', 12.06], [0, 0.5], ['S', 0.75], [0, 10.05]]
t= [[0, 0], [0, 15.24], ['S', 11.58], ['S', 12.06], ['S', 1.25], [0, 10.05]]


over 3M
over3?= 1
[[0, 0], [0, 14.99], ['S', 0.38], [0, 3.02], ['S', 0.38], [0, 1.51], ['S', 0.38], [0, 0.75], ['S', 0.38], [0, 1.01], ['S', 0.38], [0, 0.13], ['S', 0.25], [0, 2.01], ['S', 0.75], [0, 0.25], ['S', 12.06], [0, 0.5], ['S', 0.75], [0, 10.05]]
t= [[0, 0], [0, 15.11], ['S', 11.58], ['S', 12.06], ['S', 1.25], [0, 10.05]]


over 3M
over3?= 1
[[0, 0], [0, 14.86], ['S', 0.38], [0, 3.02], ['S', 0.38], [0, 1.51], ['S', 0.38], [0, 0.75], ['S', 0.38], [0, 1.01], ['S', 0.38], [0, 0.13], ['S', 0.25], [0, 2.01], ['S', 0.75], [0, 0.25], ['S', 12.06], [0, 0.5], ['S', 0.75], [0, 10.05]]
t= [[0, 0], [0, 14.99], ['S', 11.58], ['S', 12.06], ['S', 1.25], [0, 10.05]]


over 3M
over3?= 1
[[0, 0], [0, 14.74], ['S', 0.38], [0, 3.02], ['S', 0.38], [0, 1.51], ['S', 0.38], [0, 0.75], ['S', 0.38], [0, 1.01], ['S', 0.38], [0, 0.13], ['S', 0.25], [0, 2.01], ['S', 0.75], [0, 0.25], ['S', 12.06], [0, 0.5], ['S', 0.75], [0, 10.05]]
t= [[0, 0], [0, 14.86], ['S', 11.58], ['S', 12.06], ['S', 1.25], [0, 10.05]]


over 3M
over3?= 1
[[0, 0], [0, 14.61], ['S', 0.38], [0, 3.02], ['S', 0.38], [0, 1.51], ['S', 0.38], [0, 0.75], ['S', 0.38], [0, 1.01], ['S', 0.38], [0, 0.13], ['S', 0.25], [0, 2.01], ['S', 0.75], [0, 0.25], ['S', 12.06], [0, 0.5], ['S', 0.75], [0, 10.05]]
t= [[0, 0], [0, 14.74], ['S', 11.58], ['S', 12.06], ['S', 1.25], [0, 10.05]]


over 3M
over3?= 1
[[0, 0], [0, 14.49], ['S', 0.38], [0, 3.02], ['S', 0.38], [0, 1.51], ['S', 0.38], [0, 0.75], ['S', 0.38], [0, 1.01], ['S', 0.38], [0, 0.13], ['S', 0.25], [0, 2.01], ['S', 0.75], [0, 0.25], ['S', 12.06], [0, 0.5], ['S', 0.75], [0, 10.05]]
t= [[0, 0], [0, 14.61], ['S', 11.58], ['S', 12.06], ['S', 1.25], [0, 10.05]]


over 3M
over3?= 1
[[0, 0], [0, 14.36], ['S', 0.38], [0, 3.02], ['S', 0.38], [0, 1.51], ['S', 0.38], [0, 0.75], ['S', 0.38], [0, 1.01], ['S', 0.38], [0, 0.13], ['S', 0.25], [0, 2.01], ['S', 0.75], [0, 0.25], ['S', 12.06], [0, 0.5], ['S', 0.75], [0, 10.05]]
t= [[0, 0], [0, 14.49], ['S', 11.58], ['S', 12.06], ['S', 1.25], [0, 10.05]]


over 3M
over3?= 1
[[0, 0], [0, 14.24], ['S', 0.38], [0, 3.02], ['S', 0.38], [0, 1.51], ['S', 0.38], [0, 0.75], ['S', 0.38], [0, 1.01], ['S', 0.38], [0, 0.13], ['S', 0.25], [0, 2.01], ['S', 0.75], [0, 0.25], ['S', 12.06], [0, 0.5], ['S', 0.75], [0, 10.05]]
t= [[0, 0], [0, 14.36], ['S', 11.58], ['S', 12.06], ['S', 1.25], [0, 10.05]]


over 3M
over3?= 1
[[0, 0], [0, 14.11], ['S', 0.38], [0, 3.02], ['S', 0.38], [0, 1.51], ['S', 0.38], [0, 0.75], ['S', 0.38], [0, 1.01], ['S', 0.38], [0, 0.13], ['S', 0.25], [0, 2.01], ['S', 0.75], [0, 0.25], ['S', 12.06], [0, 0.5], ['S', 0.75], [0, 10.05]]
t= [[0, 0], [0, 14.24], ['S', 11.58], ['S', 12.06], ['S', 1.25], [0, 10.05]]


over 3M
over3?= 1
[[0, 0], [0, 13.98], ['S', 0.38], [0, 3.02], ['S', 0.38], [0, 1.51], ['S', 0.38], [0, 0.75], ['S', 0.38], [0, 1.01], ['S', 0.38], [0, 0.13], ['S', 0.25], [0, 2.01], ['S', 0.75], [0, 0.25], ['S', 12.06], [0, 0.5], ['S', 0.75], [0, 10.05]]
t= [[0, 0], [0, 14.11], ['S', 11.58], ['S', 12.06], ['S', 1.25], [0, 10.05]]


over 3M
over3?= 1
[[0, 0], [0, 13.86], ['S', 0.38], [0, 3.02], ['S', 0.38], [0, 1.51], ['S', 0.38], [0, 0.75], ['S', 0.38], [0, 1.01], ['S', 0.38], [0, 0.13], ['S', 0.25], [0, 2.01], ['S', 0.75], [0, 0.25], ['S', 12.06], [0, 0.5], ['S', 0.75], [0, 10.05]]
t= [[0, 0], [0, 13.98], ['S', 11.58], ['S', 12.06], ['S', 1.25], [0, 10.05]]


over 3M
over3?= 1
[[0, 0], [0, 13.73], ['S', 0.38], [0, 3.02], ['S', 0.38], [0, 1.51], ['S', 0.38], [0, 0.75], ['S', 0.38], [0, 1.01], ['S', 0.38], [0, 0.13], ['S', 0.25], [0, 2.01], ['S', 0.75], [0, 0.25], ['S', 12.06], [0, 0.5], ['S', 0.75], [0, 10.05]]
t= [[0, 0], [0, 13.86], ['S', 11.58], ['S', 12.06], ['S', 1.25], [0, 10.05]]


over 3M
over3?= 1
[[0, 0], [0, 13.61], ['S', 0.38], [0, 3.02], ['S', 0.38], [0, 1.51], ['S', 0.38], [0, 0.75], ['S', 0.38], [0, 1.01], ['S', 0.38], [0, 0.13], ['S', 0.25], [0, 2.01], ['S', 0.75], [0, 0.25], ['S', 12.06], [0, 0.5], ['S', 0.75], [0, 10.05]]
t= [[0, 0], [0, 13.73], ['S', 11.58], ['S', 12.06], ['S', 1.25], [0, 10.05]]


over 3M
over3?= 1
[[0, 0], [0, 13.48], ['S', 0.38], [0, 3.02], ['S', 0.38], [0, 1.51], ['S', 0.38], [0, 0.75], ['S', 0.38], [0, 1.01], ['S', 0.38], [0, 0.13], ['S', 0.25], [0, 2.01], ['S', 0.75], [0, 0.25], ['S', 12.06], [0, 0.5], ['S', 0.75], [0, 10.05]]
t= [[0, 0], [0, 13.61], ['S', 11.58], ['S', 12.06], ['S', 1.25], [0, 10.05]]


over 3M
over3?= 1
[[0, 0], [0, 13.36], ['S', 0.38], [0, 3.02], ['S', 0.38], [0, 1.51], ['S', 0.38], [0, 0.75], ['S', 0.38], [0, 1.01], ['S', 0.38], [0, 0.13], ['S', 0.25], [0, 2.01], ['S', 0.75], [0, 0.25], ['S', 12.06], [0, 0.5], ['S', 0.75], [0, 10.05]]
t= [[0, 0], [0, 13.48], ['S', 11.58], ['S', 12.06], ['S', 1.25], [0, 10.05]]


over 3M
over3?= 1
[[0, 0], [0, 13.23], ['S', 0.38], [0, 3.02], ['S', 0.38], [0, 1.51], ['S', 0.38], [0, 0.75], ['S', 0.38], [0, 1.01], ['S', 0.38], [0, 0.13], ['S', 0.25], [0, 2.01], ['S', 0.75], [0, 0.25], ['S', 12.06], [0, 0.5], ['S', 0.75], [0, 10.05]]
t= [[0, 0], [0, 13.36], ['S', 11.58], ['S', 12.06], ['S', 1.25], [0, 10.05]]


over 3M
over3?= 1
[[0, 0], [0, 13.1], ['S', 0.38], [0, 3.02], ['S', 0.38], [0, 1.51], ['S', 0.38], [0, 0.75], ['S', 0.38], [0, 1.01], ['S', 0.38], [0, 0.13], ['S', 0.25], [0, 2.01], ['S', 0.75], [0, 0.25], ['S', 12.06], [0, 0.5], ['S', 0.75], [0, 10.05]]
t= [[0, 0], [0, 13.23], ['S', 11.58], ['S', 12.06], ['S', 1.25], [0, 10.05]]


over 3M
over3?= 1
[[0, 0], [0, 12.98], ['S', 0.38], [0, 3.02], ['S', 0.38], [0, 1.51], ['S', 0.38], [0, 0.75], ['S', 0.38], [0, 1.01], ['S', 0.38], [0, 0.13], ['S', 0.25], [0, 2.01], ['S', 0.75], [0, 0.25], ['S', 12.06], [0, 0.5], ['S', 0.75], [0, 10.05]]
t= [[0, 0], [0, 13.1], ['S', 11.58], ['S', 12.06], ['S', 1.25], [0, 10.05]]


over 3M
over3?= 1
[[0, 0], [0, 12.85], ['S', 0.38], [0, 3.02], ['S', 0.38], [0, 1.51], ['S', 0.38], [0, 0.75], ['S', 0.38], [0, 1.01], ['S', 0.38], [0, 0.13], ['S', 0.25], [0, 2.01], ['S', 0.75], [0, 0.25], ['S', 12.06], [0, 0.5], ['S', 0.75], [0, 10.05]]
t= [[0, 0], [0, 12.98], ['S', 11.58], ['S', 12.06], ['S', 1.25], [0, 10.05]]


over 3M
over3?= 1
[[0, 0], [0, 12.73], ['S', 0.38], [0, 3.02], ['S', 0.38], [0, 1.51], ['S', 0.38], [0, 0.75], ['S', 0.38], [0, 1.01], ['S', 0.38], [0, 0.13], ['S', 0.25], [0, 2.01], ['S', 0.75], [0, 0.25], ['S', 12.06], [0, 0.5], ['S', 0.75], [0, 10.05]]
t= [[0, 0], [0, 12.85], ['S', 11.58], ['S', 12.06], ['S', 1.25], [0, 10.05]]


over 3M
over3?= 1
[[0, 0], [0, 12.6], ['S', 0.38], [0, 3.02], ['S', 0.38], [0, 1.51], ['S', 0.38], [0, 0.75], ['S', 0.38], [0, 1.01], ['S', 0.38], [0, 0.13], ['S', 0.25], [0, 2.01], ['S', 0.75], [0, 0.25], ['S', 12.06], [0, 0.5], ['S', 0.75], [0, 10.05]]
t= [[0, 0], [0, 12.73], ['S', 11.58], ['S', 12.06], ['S', 1.25], [0, 10.05]]


over 3M
over3?= 1
[[0, 0], [0, 12.48], ['S', 0.38], [0, 3.02], ['S', 0.38], [0, 1.51], ['S', 0.38], [0, 0.75], ['S', 0.38], [0, 1.01], ['S', 0.38], [0, 0.13], ['S', 0.25], [0, 2.01], ['S', 0.75], [0, 0.25], ['S', 12.06], [0, 0.5], ['S', 0.75], [0, 10.05]]
t= [[0, 0], [0, 12.6], ['S', 11.58], ['S', 12.06], ['S', 1.25], [0, 10.05]]


over 3M
over3?= 1
[[0, 0], [0, 12.35], ['S', 0.38], [0, 3.02], ['S', 0.38], [0, 1.51], ['S', 0.38], [0, 0.75], ['S', 0.38], [0, 1.01], ['S', 0.38], [0, 0.13], ['S', 0.25], [0, 2.01], ['S', 0.75], [0, 0.25], ['S', 12.06], [0, 0.5], ['S', 0.75], [0, 10.05]]
t= [[0, 0], [0, 12.48], ['S', 11.58], ['S', 12.06], ['S', 1.25], [0, 10.05]]


over 3M
over3?= 1
[[0, 0], [0, 12.22], ['S', 0.38], [0, 3.02], ['S', 0.38], [0, 1.51], ['S', 0.38], [0, 0.75], ['S', 0.38], [0, 1.01], ['S', 0.38], [0, 0.13], ['S', 0.25], [0, 2.01], ['S', 0.75], [0, 0.25], ['S', 12.06], [0, 0.5], ['S', 0.75], [0, 10.05]]
t= [[0, 0], [0, 12.35], ['S', 11.58], ['S', 12.06], ['S', 1.25], [0, 10.05]]


over 3M
over3?= 1
[[0, 0], [0, 12.1], ['S', 0.38], [0, 3.02], ['S', 0.38], [0, 1.51], ['S', 0.38], [0, 0.75], ['S', 0.38], [0, 1.01], ['S', 0.38], [0, 0.13], ['S', 0.25], [0, 2.01], ['S', 0.75], [0, 0.25], ['S', 12.06], [0, 0.5], ['S', 0.75], [0, 10.05]]
t= [[0, 0], [0, 12.22], ['S', 11.58], ['S', 12.06], ['S', 1.25], [0, 10.05]]


over 3M
over3?= 1
[[0, 0], [0, 11.97], ['S', 0.38], [0, 3.02], ['S', 0.38], [0, 1.51], ['S', 0.38], [0, 0.75], ['S', 0.38], [0, 1.01], ['S', 0.38], [0, 0.13], ['S', 0.25], [0, 2.01], ['S', 0.75], [0, 0.25], ['S', 12.06], [0, 0.5], ['S', 0.75], [0, 10.05]]
t= [[0, 0], [0, 12.1], ['S', 11.58], ['S', 12.06], ['S', 1.25], [0, 10.05]]


over 3M
over3?= 1
[[0, 0], [0, 11.85], ['S', 0.38], [0, 3.02], ['S', 0.38], [0, 1.51], ['S', 0.38], [0, 0.75], ['S', 0.38], [0, 1.01], ['S', 0.38], [0, 0.13], ['S', 0.25], [0, 2.01], ['S', 0.75], [0, 0.25], ['S', 12.06], [0, 0.5], ['S', 0.75], [0, 10.05]]
t= [[0, 0], [0, 11.97], ['S', 11.58], ['S', 12.06], ['S', 1.25], [0, 10.05]]


over 3M
over3?= 1
[[0, 0], [0, 11.72], ['S', 0.38], [0, 3.02], ['S', 0.38], [0, 1.51], ['S', 0.38], [0, 0.75], ['S', 0.38], [0, 1.01], ['S', 0.38], [0, 0.13], ['S', 0.25], [0, 2.01], ['S', 0.75], [0, 0.25], ['S', 12.06], [0, 0.5], ['S', 0.75], [0, 10.05]]
t= [[0, 0], [0, 11.85], ['S', 11.58], ['S', 12.06], ['S', 1.25], [0, 10.05]]


over 3M
over3?= 1
[[0, 0], [0, 11.6], ['S', 0.38], [0, 3.02], ['S', 0.38], [0, 1.51], ['S', 0.38], [0, 0.75], ['S', 0.38], [0, 1.01], ['S', 0.38], [0, 0.13], ['S', 0.25], [0, 2.01], ['S', 0.75], [0, 0.25], ['S', 12.06], [0, 0.5], ['S', 0.75], [0, 10.05]]
t= [[0, 0], [0, 11.72], ['S', 11.58], ['S', 12.06], ['S', 1.25], [0, 10.05]]


over 3M
over3?= 1
[[0, 0], [0, 11.47], ['S', 0.38], [0, 3.02], ['S', 0.38], [0, 1.51], ['S', 0.38], [0, 0.75], ['S', 0.38], [0, 1.01], ['S', 0.38], [0, 0.13], ['S', 0.25], [0, 2.01], ['S', 0.75], [0, 0.25], ['S', 12.06], [0, 0.5], ['S', 0.75], [0, 10.05]]
t= [[0, 0], [0, 11.6], ['S', 11.58], ['S', 12.06], ['S', 1.25], [0, 10.05]]


over 3M
over3?= 1
[[0, 0], [0, 11.34], ['S', 0.38], [0, 3.02], ['S', 0.38], [0, 1.51], ['S', 0.38], [0, 0.75], ['S', 0.38], [0, 1.01], ['S', 0.38], [0, 0.13], ['S', 0.25], [0, 2.01], ['S', 0.75], [0, 0.25], ['S', 12.06], [0, 0.5], ['S', 0.75], [0, 10.05]]
t= [[0, 0], [0, 11.47], ['S', 11.58], ['S', 12.06], ['S', 1.25], [0, 10.05]]


over 3M
over3?= 1
[[0, 0], [0, 11.22], ['S', 0.38], [0, 3.02], ['S', 0.38], [0, 1.51], ['S', 0.38], [0, 0.75], ['S', 0.38], [0, 1.01], ['S', 0.38], [0, 0.13], ['S', 0.25], [0, 2.01], ['S', 0.75], [0, 0.25], ['S', 12.06], [0, 0.5], ['S', 0.75], [0, 10.05]]
t= [[0, 0], [0, 11.34], ['S', 11.58], ['S', 12.06], ['S', 1.25], [0, 10.05]]


over 3M
over3?= 1
[[0, 0], [0, 11.09], ['S', 0.38], [0, 3.02], ['S', 0.38], [0, 1.51], ['S', 0.38], [0, 0.75], ['S', 0.38], [0, 1.01], ['S', 0.38], [0, 0.13], ['S', 0.25], [0, 2.01], ['S', 0.75], [0, 0.25], ['S', 12.06], [0, 0.5], ['S', 0.75], [0, 10.05]]
t= [[0, 0], [0, 11.22], ['S', 11.58], ['S', 12.06], ['S', 1.25], [0, 10.05]]


over 3M
over3?= 1
[[0, 0], [0, 10.97], ['S', 0.38], [0, 3.02], ['S', 0.38], [0, 1.51], ['S', 0.38], [0, 0.75], ['S', 0.38], [0, 1.01], ['S', 0.38], [0, 0.13], ['S', 0.25], [0, 2.01], ['S', 0.75], [0, 0.25], ['S', 12.06], [0, 0.5], ['S', 0.75], [0, 10.05]]
t= [[0, 0], [0, 11.09], ['S', 11.58], ['S', 12.06], ['S', 1.25], [0, 10.05]]


over 3M
over3?= 1
[[0, 0], [0, 10.84], ['S', 0.38], [0, 3.02], ['S', 0.38], [0, 1.51], ['S', 0.38], [0, 0.75], ['S', 0.38], [0, 1.01], ['S', 0.38], [0, 0.13], ['S', 0.25], [0, 2.01], ['S', 0.75], [0, 0.25], ['S', 12.06], [0, 0.5], ['S', 0.75], [0, 10.05]]
t= [[0, 0], [0, 10.97], ['S', 11.58], ['S', 12.06], ['S', 1.25], [0, 10.05]]


over 3M
over3?= 1
[[0, 0], [0, 10.72], ['S', 0.38], [0, 3.02], ['S', 0.38], [0, 1.51], ['S', 0.38], [0, 0.75], ['S', 0.38], [0, 1.01], ['S', 0.38], [0, 0.13], ['S', 0.25], [0, 2.01], ['S', 0.75], [0, 0.25], ['S', 12.06], [0, 0.5], ['S', 0.75], [0, 10.05]]
t= [[0, 0], [0, 10.84], ['S', 11.58], ['S', 12.06], ['S', 1.25], [0, 10.05]]


over 3M
over3?= 1
[[0, 0], [0, 10.59], ['S', 0.38], [0, 3.02], ['S', 0.38], [0, 1.51], ['S', 0.38], [0, 0.75], ['S', 0.38], [0, 1.01], ['S', 0.38], [0, 0.13], ['S', 0.25], [0, 2.01], ['S', 0.75], [0, 0.25], ['S', 12.06], [0, 0.5], ['S', 0.75], [0, 10.05]]
t= [[0, 0], [0, 10.72], ['S', 11.58], ['S', 12.06], ['S', 1.25], [0, 10.05]]


over 3M
over3?= 1
[[0, 0], [0, 10.47], ['S', 0.38], [0, 3.02], ['S', 0.38], [0, 1.51], ['S', 0.38], [0, 0.75], ['S', 0.38], [0, 1.01], ['S', 0.38], [0, 0.13], ['S', 0.25], [0, 2.01], ['S', 0.75], [0, 0.25], ['S', 12.06], [0, 0.5], ['S', 0.75], [0, 10.05]]
t= [[0, 0], [0, 10.59], ['S', 11.58], ['S', 12.06], ['S', 1.25], [0, 10.05]]


over 3M
over3?= 1
[[0, 0], [0, 10.34], ['S', 0.38], [0, 3.02], ['S', 0.38], [0, 1.51], ['S', 0.38], [0, 0.75], ['S', 0.38], [0, 1.01], ['S', 0.38], [0, 0.13], ['S', 0.25], [0, 2.01], ['S', 0.75], [0, 0.25], ['S', 12.06], [0, 0.5], ['S', 0.75], [0, 10.05]]
t= [[0, 0], [0, 10.47], ['S', 11.58], ['S', 12.06], ['S', 1.25], [0, 10.05]]


over 3M
over3?= 1
[[0, 0], [0, 10.21], ['S', 0.38], [0, 3.02], ['S', 0.38], [0, 1.51], ['S', 0.38], [0, 0.75], ['S', 0.38], [0, 1.01], ['S', 0.38], [0, 0.13], ['S', 0.25], [0, 2.01], ['S', 0.75], [0, 0.25], ['S', 12.06], [0, 0.5], ['S', 0.75], [0, 10.05]]
t= [[0, 0], [0, 10.34], ['S', 11.58], ['S', 12.06], ['S', 1.25], [0, 10.05]]


over 3M
over3?= 1
[[0, 0], [0, 10.09], ['S', 0.38], [0, 3.02], ['S', 0.38], [0, 1.51], ['S', 0.38], [0, 0.75], ['S', 0.38], [0, 1.01], ['S', 0.38], [0, 0.13], ['S', 0.25], [0, 2.01], ['S', 0.75], [0, 0.25], ['S', 12.06], [0, 0.5], ['S', 0.75], [0, 10.05]]
t= [[0, 0], [0, 10.21], ['S', 11.58], ['S', 12.06], ['S', 1.25], [0, 10.05]]


over 3M
over3?= 1
[[0, 0], [0, 9.96], ['S', 0.38], [0, 3.02], ['S', 0.38], [0, 1.51], ['S', 0.38], [0, 0.75], ['S', 0.38], [0, 1.01], ['S', 0.38], [0, 0.13], ['S', 0.25], [0, 2.01], ['S', 0.75], [0, 0.25], ['S', 12.06], [0, 0.5], ['S', 0.75], [0, 10.05]]
t= [[0, 0], [0, 10.09], ['S', 11.58], ['S', 12.06], ['S', 1.25], [0, 10.05]]


over 3M
over3?= 1
[[0, 0], [0, 9.84], ['S', 0.38], [0, 3.02], ['S', 0.38], [0, 1.51], ['S', 0.38], [0, 0.75], ['S', 0.38], [0, 1.01], ['S', 0.38], [0, 0.13], ['S', 0.25], [0, 2.01], ['S', 0.75], [0, 0.25], ['S', 12.06], [0, 0.5], ['S', 0.75], [0, 10.05]]
t= [[0, 0], ['S', 21.54], ['S', 12.06], ['S', 1.25], [0, 10.05]]


over 3M
over3?= 1
[[0, 0], [0, 9.71], ['S', 0.38], [0, 3.02], ['S', 0.38], [0, 1.51], ['S', 0.38], [0, 0.75], ['S', 0.38], [0, 1.01], ['S', 0.38], [0, 0.13], ['S', 0.25], [0, 2.01], ['S', 0.75], [0, 0.25], ['S', 12.06], [0, 0.5], ['S', 0.75], [0, 10.05]]
t= [[0, 0], ['S', 21.42], ['S', 12.06], ['S', 1.25], [0, 10.05]]


over 3M
over3?= 1
[[0, 0], [0, 9.59], ['S', 0.38], [0, 3.02], ['S', 0.38], [0, 1.51], ['S', 0.38], [0, 0.75], ['S', 0.38], [0, 1.01], ['S', 0.38], [0, 0.13], ['S', 0.25], [0, 2.01], ['S', 0.75], [0, 0.25], ['S', 12.06], [0, 0.5], ['S', 0.75], [0, 10.05]]
t= [[0, 0], ['S', 21.29], ['S', 12.06], ['S', 1.25], [0, 10.05]]


over 3M
over3?= 1
[[0, 0], [0, 9.46], ['S', 0.38], [0, 3.02], ['S', 0.38], [0, 1.51], ['S', 0.38], [0, 0.75], ['S', 0.38], [0, 1.01], ['S', 0.38], [0, 0.13], ['S', 0.25], [0, 2.01], ['S', 0.75], [0, 0.25], ['S', 12.06], [0, 0.5], ['S', 0.75], [0, 10.05]]
t= [[0, 0], ['S', 21.17], ['S', 12.06], ['S', 1.25], [0, 10.05]]


over 3M
over3?= 1
[[0, 0], [0, 9.33], ['S', 0.38], [0, 3.02], ['S', 0.38], [0, 1.51], ['S', 0.38], [0, 0.75], ['S', 0.38], [0, 1.01], ['S', 0.38], [0, 0.13], ['S', 0.25], [0, 2.01], ['S', 0.75], [0, 0.25], ['S', 12.06], [0, 0.5], ['S', 0.75], [0, 10.05]]
t= [[0, 0], ['S', 21.04], ['S', 12.06], ['S', 1.25], [0, 10.05]]


over 3M
over3?= 1
[[0, 0], [0, 9.21], ['S', 0.38], [0, 3.02], ['S', 0.38], [0, 1.51], ['S', 0.38], [0, 0.75], ['S', 0.38], [0, 1.01], ['S', 0.38], [0, 0.13], ['S', 0.25], [0, 2.01], ['S', 0.75], [0, 0.25], ['S', 12.06], [0, 0.5], ['S', 0.75], [0, 10.05]]
t= [[0, 0], ['S', 20.91], ['S', 12.06], ['S', 1.25], [0, 10.05]]


over 3M
over3?= 1
[[0, 0], [0, 9.08], ['S', 0.38], [0, 3.02], ['S', 0.38], [0, 1.51], ['S', 0.38], [0, 0.75], ['S', 0.38], [0, 1.01], ['S', 0.38], [0, 0.13], ['S', 0.25], [0, 2.01], ['S', 0.75], [0, 0.25], ['S', 12.06], [0, 0.5], ['S', 0.75], [0, 10.05]]
t= [[0, 0], ['S', 20.79], ['S', 12.06], ['S', 1.25], [0, 10.05]]


over 3M
over3?= 1
[[0, 0], [0, 8.96], ['S', 0.38], [0, 3.02], ['S', 0.38], [0, 1.51], ['S', 0.38], [0, 0.75], ['S', 0.38], [0, 1.01], ['S', 0.38], [0, 0.13], ['S', 0.25], [0, 2.01], ['S', 0.75], [0, 0.25], ['S', 12.06], [0, 0.5], ['S', 0.75], [0, 10.05]]
t= [[0, 0], ['S', 20.66], ['S', 12.06], ['S', 1.25], [0, 10.05]]


over 3M
over3?= 1
[[0, 0], [0, 8.83], ['S', 0.38], [0, 3.02], ['S', 0.38], [0, 1.51], ['S', 0.38], [0, 0.75], ['S', 0.38], [0, 1.01], ['S', 0.38], [0, 0.13], ['S', 0.25], [0, 2.01], ['S', 0.75], [0, 0.25], ['S', 12.06], [0, 0.5], ['S', 0.75], [0, 10.05]]
t= [[0, 0], ['S', 20.54], ['S', 12.06], ['S', 1.25], [0, 10.05]]


over 3M
over3?= 1
[[0, 0], [0, 8.71], ['S', 0.38], [0, 3.02], ['S', 0.38], [0, 1.51], ['S', 0.38], [0, 0.75], ['S', 0.38], [0, 1.01], ['S', 0.38], [0, 0.13], ['S', 0.25], [0, 2.01], ['S', 0.75], [0, 0.25], ['S', 12.06], [0, 0.5], ['S', 0.75], [0, 10.05]]
t= [[0, 0], ['S', 20.41], ['S', 12.06], ['S', 1.25], [0, 10.05]]


over 3M
over3?= 1
[[0, 0], [0, 8.58], ['S', 0.38], [0, 3.02], ['S', 0.38], [0, 1.51], ['S', 0.38], [0, 0.75], ['S', 0.38], [0, 1.01], ['S', 0.38], [0, 0.13], ['S', 0.25], [0, 2.01], ['S', 0.75], [0, 0.25], ['S', 12.06], [0, 0.5], ['S', 0.75], [0, 10.05]]
t= [[0, 0], ['S', 20.29], ['S', 12.06], ['S', 1.25], [0, 10.05]]


over 3M
over3?= 1
[[0, 0], [0, 8.45], ['S', 0.38], [0, 3.02], ['S', 0.38], [0, 1.51], ['S', 0.38], [0, 0.75], ['S', 0.38], [0, 1.01], ['S', 0.38], [0, 0.13], ['S', 0.25], [0, 2.01], ['S', 0.75], [0, 0.25], ['S', 12.06], [0, 0.5], ['S', 0.75], [0, 10.05]]
t= [[0, 0], ['S', 20.16], ['S', 12.06], ['S', 1.25], [0, 10.05]]


over 3M
over3?= 1
[[0, 0], [0, 8.33], ['S', 0.38], [0, 3.02], ['S', 0.38], [0, 1.51], ['S', 0.38], [0, 0.75], ['S', 0.38], [0, 1.01], ['S', 0.38], [0, 0.13], ['S', 0.25], [0, 2.01], ['S', 0.75], [0, 0.25], ['S', 12.06], [0, 0.5], ['S', 0.75], [0, 10.05]]
t= [[0, 0], ['S', 20.03], ['S', 12.06], ['S', 1.25], [0, 10.05]]


over 3M
over3?= 1
[[0, 0], [0, 8.2], ['S', 0.38], [0, 3.02], ['S', 0.38], [0, 1.51], ['S', 0.38], [0, 0.75], ['S', 0.38], [0, 1.01], ['S', 0.38], [0, 0.13], ['S', 0.25], [0, 2.01], ['S', 0.75], [0, 0.25], ['S', 12.06], [0, 0.5], ['S', 0.75], [0, 10.05]]
t= [[0, 0], ['S', 19.91], ['S', 12.06], ['S', 1.25], [0, 10.05]]


over 3M
over3?= 1
[[0, 0], [0, 8.08], ['S', 0.38], [0, 3.02], ['S', 0.38], [0, 1.51], ['S', 0.38], [0, 0.75], ['S', 0.38], [0, 1.01], ['S', 0.38], [0, 0.13], ['S', 0.25], [0, 2.01], ['S', 0.75], [0, 0.25], ['S', 12.06], [0, 0.5], ['S', 0.75], [0, 10.05]]
t= [[0, 0], ['S', 19.78], ['S', 12.06], ['S', 1.25], [0, 10.05]]


over 3M
over3?= 1
[[0, 0], [0, 7.95], ['S', 0.38], [0, 3.02], ['S', 0.38], [0, 1.51], ['S', 0.38], [0, 0.75], ['S', 0.38], [0, 1.01], ['S', 0.38], [0, 0.13], ['S', 0.25], [0, 2.01], ['S', 0.75], [0, 0.25], ['S', 12.06], [0, 0.5], ['S', 0.75], [0, 10.05]]
t= [[0, 0], ['S', 19.66], ['S', 12.06], ['S', 1.25], [0, 10.05]]


over 3M
over3?= 1
[[0, 0], [0, 7.83], ['S', 0.38], [0, 3.02], ['S', 0.38], [0, 1.51], ['S', 0.38], [0, 0.75], ['S', 0.38], [0, 1.01], ['S', 0.38], [0, 0.13], ['S', 0.25], [0, 2.01], ['S', 0.75], [0, 0.25], ['S', 12.06], [0, 0.5], ['S', 0.75], [0, 10.05]]
t= [[0, 0], ['S', 19.53], ['S', 12.06], ['S', 1.25], [0, 10.05]]


over 3M
over3?= 1
[[0, 0], [0, 7.7], ['S', 0.38], [0, 3.02], ['S', 0.38], [0, 1.51], ['S', 0.38], [0, 0.75], ['S', 0.38], [0, 1.01], ['S', 0.38], [0, 0.13], ['S', 0.25], [0, 2.01], ['S', 0.75], [0, 0.25], ['S', 12.06], [0, 0.5], ['S', 0.75], [0, 10.05]]
t= [[0, 0], ['S', 19.41], ['S', 12.06], ['S', 1.25], [0, 10.05]]


over 3M
over3?= 1
[[0, 0], [0, 7.58], ['S', 0.38], [0, 3.02], ['S', 0.38], [0, 1.51], ['S', 0.38], [0, 0.75], ['S', 0.38], [0, 1.01], ['S', 0.38], [0, 0.13], ['S', 0.25], [0, 2.01], ['S', 0.75], [0, 0.25], ['S', 12.06], [0, 0.5], ['S', 0.75], [0, 10.05]]
t= [[0, 0], ['S', 19.28], ['S', 12.06], ['S', 1.25], [0, 10.05]]


over 3M
over3?= 1
[[0, 0], [0, 7.45], ['S', 0.38], [0, 3.02], ['S', 0.38], [0, 1.51], ['S', 0.38], [0, 0.75], ['S', 0.38], [0, 1.01], ['S', 0.38], [0, 0.13], ['S', 0.25], [0, 2.01], ['S', 0.75], [0, 0.25], ['S', 12.06], [0, 0.5], ['S', 0.75], [0, 10.05]]
t= [[0, 0], ['S', 19.16], ['S', 12.06], ['S', 1.25], [0, 10.05]]


over 3M
over3?= 1
[[0, 0], [0, 7.32], ['S', 0.38], [0, 3.02], ['S', 0.38], [0, 1.51], ['S', 0.38], [0, 0.75], ['S', 0.38], [0, 1.01], ['S', 0.38], [0, 0.13], ['S', 0.25], [0, 2.01], ['S', 0.75], [0, 0.25], ['S', 12.06], [0, 0.5], ['S', 0.75], [0, 10.05]]
t= [[0, 0], ['S', 19.03], ['S', 12.06], ['S', 1.25], [0, 10.05]]


over 3M
over3?= 1
[[0, 0], [0, 7.2], ['S', 0.38], [0, 3.02], ['S', 0.38], [0, 1.51], ['S', 0.38], [0, 0.75], ['S', 0.38], [0, 1.01], ['S', 0.38], [0, 0.13], ['S', 0.25], [0, 2.01], ['S', 0.75], [0, 0.25], ['S', 12.06], [0, 0.5], ['S', 0.75], [0, 10.05]]
t= [[0, 0], ['S', 18.9], ['S', 12.06], ['S', 1.25], [0, 10.05]]


over 3M
over3?= 1
[[0, 0], [0, 7.07], ['S', 0.38], [0, 3.02], ['S', 0.38], [0, 1.51], ['S', 0.38], [0, 0.75], ['S', 0.38], [0, 1.01], ['S', 0.38], [0, 0.13], ['S', 0.25], [0, 2.01], ['S', 0.75], [0, 0.25], ['S', 12.06], [0, 0.5], ['S', 0.75], [0, 10.05]]
t= [[0, 0], ['S', 18.78], ['S', 12.06], ['S', 1.25], [0, 10.05]]


over 3M
over3?= 1
[[0, 0], [0, 6.95], ['S', 0.38], [0, 3.02], ['S', 0.38], [0, 1.51], ['S', 0.38], [0, 0.75], ['S', 0.38], [0, 1.01], ['S', 0.38], [0, 0.13], ['S', 0.25], [0, 2.01], ['S', 0.75], [0, 0.25], ['S', 12.06], [0, 0.5], ['S', 0.75], [0, 10.05]]
t= [[0, 0], ['S', 18.65], ['S', 12.06], ['S', 1.25], [0, 10.05]]


over 3M
over3?= 1
[[0, 0], [0, 6.82], ['S', 0.38], [0, 3.02], ['S', 0.38], [0, 1.51], ['S', 0.38], [0, 0.75], ['S', 0.38], [0, 1.01], ['S', 0.38], [0, 0.13], ['S', 0.25], [0, 2.01], ['S', 0.75], [0, 0.25], ['S', 12.06], [0, 0.5], ['S', 0.75], [0, 10.05]]
t= [[0, 0], ['S', 18.53], ['S', 12.06], ['S', 1.25], [0, 10.05]]


over 3M
over3?= 1
[[0, 0], [0, 6.7], ['S', 0.38], [0, 3.02], ['S', 0.38], [0, 1.51], ['S', 0.38], [0, 0.75], ['S', 0.38], [0, 1.01], ['S', 0.38], [0, 0.13], ['S', 0.25], [0, 2.01], ['S', 0.75], [0, 0.25], ['S', 12.06], [0, 0.5], ['S', 0.75], [0, 10.05]]
t= [[0, 0], ['S', 18.4], ['S', 12.06], ['S', 1.25], [0, 10.05]]


over 3M
over3?= 1
[[0, 0], [0, 6.57], ['S', 0.38], [0, 3.02], ['S', 0.38], [0, 1.51], ['S', 0.38], [0, 0.75], ['S', 0.38], [0, 1.01], ['S', 0.38], [0, 0.13], ['S', 0.25], [0, 2.01], ['S', 0.75], [0, 0.25], ['S', 12.06], [0, 0.5], ['S', 0.75], [0, 10.05]]
t= [[0, 0], ['S', 18.28], ['S', 12.06], ['S', 1.25], [0, 10.05]]


over 3M
over3?= 1
[[0, 0], [0, 6.44], ['S', 0.38], [0, 3.02], ['S', 0.38], [0, 1.51], ['S', 0.38], [0, 0.75], ['S', 0.38], [0, 1.01], ['S', 0.38], [0, 0.13], ['S', 0.25], [0, 2.01], ['S', 0.75], [0, 0.25], ['S', 12.06], [0, 0.5], ['S', 0.75], [0, 10.05]]
t= [[0, 0], ['S', 18.15], ['S', 12.06], ['S', 1.25], [0, 10.05]]


over 3M
over3?= 1
[[0, 0], [0, 6.32], ['S', 0.38], [0, 3.02], ['S', 0.38], [0, 1.51], ['S', 0.38], [0, 0.75], ['S', 0.38], [0, 1.01], ['S', 0.38], [0, 0.13], ['S', 0.25], [0, 2.01], ['S', 0.75], [0, 0.25], ['S', 12.06], [0, 0.5], ['S', 0.75], [0, 10.05]]
t= [[0, 0], ['S', 18.02], ['S', 12.06], ['S', 1.25], [0, 10.05]]


over 3M
over3?= 1
[[0, 0], [0, 6.19], ['S', 0.38], [0, 3.02], ['S', 0.38], [0, 1.51], ['S', 0.38], [0, 0.75], ['S', 0.38], [0, 1.01], ['S', 0.38], [0, 0.13], ['S', 0.25], [0, 2.01], ['S', 0.75], [0, 0.25], ['S', 12.06], [0, 0.5], ['S', 0.75], [0, 10.05]]
t= [[0, 0], ['S', 17.9], ['S', 12.06], ['S', 1.25], [0, 10.05]]


over 3M
over3?= 1
[[0, 0], [0, 6.07], ['S', 0.38], [0, 3.02], ['S', 0.38], [0, 1.51], ['S', 0.38], [0, 0.75], ['S', 0.38], [0, 1.01], ['S', 0.38], [0, 0.13], ['S', 0.25], [0, 2.01], ['S', 0.75], [0, 0.25], ['S', 12.06], [0, 0.5], ['S', 0.75], [0, 10.05]]
t= [[0, 0], ['S', 17.77], ['S', 12.06], ['S', 1.25], [0, 10.05]]


over 3M
over3?= 1
[[0, 0], [0, 5.94], ['S', 0.38], [0, 3.02], ['S', 0.38], [0, 1.51], ['S', 0.38], [0, 0.75], ['S', 0.38], [0, 1.01], ['S', 0.38], [0, 0.13], ['S', 0.25], [0, 2.01], ['S', 0.75], [0, 0.25], ['S', 12.06], [0, 0.5], ['S', 0.75], [0, 10.05]]
t= [[0, 0], ['S', 17.65], ['S', 12.06], ['S', 1.25], [0, 10.05]]


over 3M
over3?= 1
[[0, 0], [0, 5.82], ['S', 0.38], [0, 3.02], ['S', 0.38], [0, 1.51], ['S', 0.38], [0, 0.75], ['S', 0.38], [0, 1.01], ['S', 0.38], [0, 0.13], ['S', 0.25], [0, 2.01], ['S', 0.75], [0, 0.25], ['S', 12.06], [0, 0.5], ['S', 0.75], [0, 10.05]]
t= [[0, 0], ['S', 17.52], ['S', 12.06], ['S', 1.25], [0, 10.05]]


over 3M
over3?= 1
[[0, 0], [0, 5.69], ['S', 0.38], [0, 3.02], ['S', 0.38], [0, 1.51], ['S', 0.38], [0, 0.75], ['S', 0.38], [0, 1.01], ['S', 0.38], [0, 0.13], ['S', 0.25], [0, 2.01], ['S', 0.75], [0, 0.25], ['S', 12.06], [0, 0.5], ['S', 0.75], [0, 10.05]]
t= [[0, 0], ['S', 17.4], ['S', 12.06], ['S', 1.25], [0, 10.05]]


over 3M
over3?= 1
[[0, 0], [0, 5.56], ['S', 0.38], [0, 3.02], ['S', 0.38], [0, 1.51], ['S', 0.38], [0, 0.75], ['S', 0.38], [0, 1.01], ['S', 0.38], [0, 0.13], ['S', 0.25], [0, 2.01], ['S', 0.75], [0, 0.25], ['S', 12.06], [0, 0.5], ['S', 0.75], [0, 10.05]]
t= [[0, 0], ['S', 17.27], ['S', 12.06], ['S', 1.25], [0, 10.05]]


over 3M
over3?= 1

